epoch 1

1.738200306892395
1.8066527843475342
1.345955729484558
1.0911065340042114
1.0635879039764404
0.9472050070762634
0.9456109404563904
0.9006742238998413
0.8019372820854187
0.7816974520683289
0.7436445951461792
0.7281856536865234
0.7116513848304749
0.7039248943328857
0.684869110584259
0.6397998929023743
0.6342068314552307
0.6286566853523254
0.6357514262199402
0.6041369438171387
0.5973618030548096
0.6029576063156128
0.5639600157737732
0.548092782497406
0.5370794534683228
0.5414606332778931
0.5299506783485413
0.5130831003189087
0.4942575693130493
0.5055167078971863
0.4919401705265045
0.45646923780441284
0.4961124360561371
0.445461243391037
0.43423038721084595
0.3973585367202759
0.41553574800491333
0.4087755084037781
0.38795724511146545
0.37314650416374207
0.371665358543396
0.38198983669281006
0.323336660861969
0.32675617933273315
0.34244656562805176
0.28909802436828613
0.3208688497543335
0.3277435004711151
0.3187529742717743
0.2972993850708008
0.31777071952819824
0.2752847373485565
0.2742137610912323
0.2789766490459442
0.2922501564025879
0.24952083826065063
0.2906094491481781
0.27181246876716614
epoch 2

0.18937519192695618
0.21185608208179474
0.25908926129341125
0.19118282198905945
0.22773556411266327
0.23121137917041779
0.2306329309940338
0.2051944136619568
0.16283513605594635
0.2290242314338684
0.12234566360712051
0.19254355132579803
0.21144495904445648
0.34063008427619934
0.19295622408390045
0.20133039355278015
0.18587784469127655
0.1939937174320221
0.1972871571779251
0.19102807343006134
0.23995986580848694
0.2006468027830124
0.1832909882068634
0.1885734349489212
0.18172109127044678
0.15922041237354279
0.13827617466449738
0.15192191302776337
0.11627024412155151
0.15098541975021362
0.16859252750873566
0.19048188626766205
0.16225147247314453
0.192964106798172
0.22804711759090424
0.117037333548069
0.1932222545146942
0.24673376977443695
0.13704770803451538
0.19530335068702698
0.15779437124729156
0.17159251868724823
0.19260910153388977
0.16684038937091827
0.18947315216064453
0.1751304417848587
0.13028347492218018
0.19386452436447144
0.13919956982135773
0.19160893559455872
0.13693317770957947
0.10350793600082397
0.11597859859466553
0.20275820791721344
0.16370128095149994
0.15091213583946228
0.16845373809337616
0.13316471874713898
epoch 3

0.09527865052223206
0.128188818693161
0.1851356029510498
0.15552817285060883
0.11182252317667007
0.13107796013355255
0.12926942110061646
0.11550318449735641
0.10927008092403412
0.14033211767673492
0.10439446568489075
0.11650901287794113
0.18895426392555237
0.15979066491127014
0.09516745805740356
0.15115433931350708
0.14791131019592285
0.11587217450141907
0.12121506780385971
0.13955767452716827
0.13798314332962036
0.09577023237943649
0.13223224878311157
0.11696448922157288
0.1435236930847168
0.16531367599964142
0.16151116788387299
0.11306337267160416
0.10990702360868454
0.1285211741924286
0.09844141453504562
0.12655921280384064
0.12123065441846848
0.15085850656032562
0.14794161915779114
0.120989128947258
0.12078490853309631
0.1419910341501236
0.11459888517856598
0.09154528379440308
0.10989263653755188
0.1047217845916748
0.10680731385946274
0.16490986943244934
0.10567962378263474
0.09937067329883575
0.19230692088603973
0.14527881145477295
0.21411773562431335
0.11796127259731293
0.1630801111459732
0.14805816113948822
0.13026554882526398
0.1459992676973343
0.11989246308803558
0.1379595249891281
0.12933088839054108
0.12800119817256927
epoch 4

0.119121253490448
0.09858207404613495
0.1370478719472885
0.12713491916656494
0.1041552722454071
0.1158817857503891
0.1290571391582489
0.10913828760385513
0.16800083220005035
0.09680262953042984
0.10232540220022202
0.12002048641443253
0.13393454253673553
0.11669740825891495
0.10579326748847961
0.10136120766401291
0.1625956892967224
0.13178974390029907
0.10658226162195206
0.11195754259824753
0.11958681046962738
0.08679334819316864
0.10436216741800308
0.09418060630559921
0.13116833567619324
0.08787316083908081
0.12619739770889282
0.06576480716466904
0.10773197561502457
0.13100972771644592
0.09667026251554489
0.11489353328943253
0.08915544301271439
0.11406473815441132
0.10339442640542984
0.0861772820353508
0.1253208965063095
0.12685422599315643
0.07489144057035446
0.10317771136760712
0.134487122297287
0.06641950458288193
0.14867332577705383
0.11794856935739517
0.09805969148874283
0.1198025792837143
0.09591090679168701
0.08573435992002487
0.0711151733994484
0.09211993962526321
0.08034976571798325
0.09746113419532776
0.11778679490089417
0.09643562883138657
0.08487576246261597
0.17013981938362122
0.12446579337120056
0.10071084648370743
epoch 5

0.07773329317569733
0.1435248851776123
0.1130722388625145
0.09641826897859573
0.10308309644460678
0.10086430609226227
0.1275336593389511
0.09334103018045425
0.10052032768726349
0.07631134241819382
0.11707526445388794
0.05855575203895569
0.07163336873054504
0.08945397287607193
0.07491099089384079
0.18228000402450562
0.08231677860021591
0.08073524385690689
0.10780402272939682
0.08654741942882538
0.08989402651786804
0.0991491749882698
0.07774904370307922
0.09762157499790192
0.11374934762716293
0.08604786545038223
0.14233987033367157
0.08332278579473495
0.12898416817188263
0.10100334882736206
0.11742118746042252
0.10321149230003357
0.086142398416996
0.08457990735769272
0.08867967128753662
0.08578091859817505
0.09051179885864258
0.09596779197454453
0.06966906040906906
0.09447338432073593
0.10370749235153198
0.1312711238861084
0.12367501109838486
0.0959945023059845
0.10412067174911499
0.14526507258415222
0.09883041679859161
0.08514312654733658
0.07323276996612549
0.09953897446393967
0.09257993847131729
0.11602159589529037
0.11341880261898041
0.07608116418123245
0.08696939796209335
0.06130002439022064
0.0811241865158081
0.08571293205022812
epoch 6

0.12768033146858215
0.12123500555753708
0.05312853679060936
0.07917646318674088
0.09714746475219727
0.10947076231241226
0.10564196854829788
0.10998518019914627
0.051640573889017105
0.08493944257497787
0.07958407700061798
0.07961498945951462
0.11185344308614731
0.06838534027338028
0.07172484695911407
0.07603621482849121
0.07778986543416977
0.08132413029670715
0.13097503781318665
0.08825676143169403
0.07734286785125732
0.06121265888214111
0.12032251805067062
0.07772567123174667
0.0893307477235794
0.08434811234474182
0.1008218377828598
0.07683500647544861
0.08842793852090836
0.07330033928155899
0.10996105521917343
0.07228707522153854
0.05573718994855881
0.0799766406416893
0.0600731335580349
0.07067663967609406
0.07131385058164597
0.09979402273893356
0.08387508243322372
0.08803221583366394
0.08678781241178513
0.09415603429079056
0.07976006716489792
0.061272937804460526
0.06839892268180847
0.10373325645923615
0.07295801490545273
0.06647400557994843
0.06996309757232666
0.07355880737304688
0.10202949494123459
0.05218582972884178
0.06800347566604614
0.05760602280497551
0.06204371899366379
0.07639380544424057
0.07991601526737213
0.09115159511566162
epoch 7

0.08396239578723907
0.04769020155072212
0.0642956867814064
0.08128014206886292
0.06394382566213608
0.07638607174158096
0.06729035824537277
0.05318623036146164
0.054478809237480164
0.05778093263506889
0.06052025780081749
0.06896272301673889
0.04499712586402893
0.06847371906042099
0.08517294377088547
0.06525808572769165
0.06065043434500694
0.09796833246946335
0.0978061854839325
0.07219746708869934
0.05243409425020218
0.0625416710972786
0.053173843771219254
0.08780083805322647
0.061334218829870224
0.07904365658760071
0.07947579026222229
0.08690512925386429
0.057475924491882324
0.07031376659870148
0.055943168699741364
0.06958360224962234
0.03745138272643089
0.10800453275442123
0.06695107370615005
0.08370620012283325
0.09428056329488754
0.05457225441932678
0.06336505711078644
0.08731867372989655
0.06316450983285904
0.10261712223291397
0.04932848736643791
0.10067428648471832
0.1097140684723854
0.07423949986696243
0.07953380048274994
0.04475116729736328
0.07775339484214783
0.1011565551161766
0.06886182725429535
0.056971512734889984
0.07541176676750183
0.14155453443527222
0.11753399670124054
0.1455875188112259
0.12302445620298386
0.0936056524515152
epoch 8

0.06454615294933319
0.0865548849105835
0.11316119134426117
0.1320776343345642
0.14047588407993317
0.09149475395679474
0.057103026658296585
0.10705956071615219
0.2791617810726166
0.08627835661172867
0.07866919785737991
0.1633538156747818
0.10026552528142929
0.07254952937364578
0.07815580815076828
0.08783572912216187
0.11130405217409134
0.05956351384520531
0.10359367728233337
0.09965479373931885
0.09429062902927399
0.09223334491252899
0.06892704218626022
0.09404058009386063
0.06737123429775238
0.06919575482606888
0.05394711345434189
0.07547340542078018
0.09191377460956573
0.08153559267520905
0.07730326056480408
0.07118740677833557
0.05506596714258194
0.05269240960478783
0.06013419106602669
0.04784184694290161
0.07013698667287827
0.08378423005342484
0.06755314022302628
0.057066820561885834
0.06686387956142426
0.09142396599054337
0.09545931220054626
0.06232001259922981
0.06672888994216919
0.08460695296525955
0.06814996153116226
0.07809538394212723
0.08492881059646606
0.07911563664674759
0.05310477316379547
0.04409768432378769
0.06442825496196747
0.059256091713905334
0.07369565963745117
0.05381849408149719
0.1255408376455307
0.16192565858364105
epoch 9

0.042726416140794754
0.07056167721748352
0.08159513026475906
0.07081321626901627
0.05023918300867081
0.10175557434558868
0.06634700298309326
0.06398724764585495
0.07701469957828522
0.07773714512586594
0.07310988008975983
0.03939850255846977
0.058504123240709305
0.054954588413238525
0.07682203501462936
0.0628877803683281
0.07566847652196884
0.10277318209409714
0.09979693591594696
0.059181611984968185
0.0748102143406868
0.08766833692789078
0.06699636578559875
0.05297277495265007
0.03489776328206062
0.08551865816116333
0.05132586881518364
0.08142878115177155
0.0903206542134285
0.05324677377939224
0.05965013429522514
0.10197613388299942
0.06234826147556305
0.043360453099012375
0.05470427870750427
0.045807164162397385
0.08453800529241562
0.03488239645957947
0.0930078774690628
0.06084508076310158
0.0439436137676239
0.09337499737739563
0.05049142241477966
0.068119578063488
0.05147910118103027
0.05175159126520157
0.08062797039747238
0.05833582952618599
0.051947254687547684
0.06310965865850449
0.047824304550886154
0.04990483447909355
0.059265557676553726
0.05281537398695946
0.03838063403964043
0.052440542727708817
0.04614141955971718
0.07126779854297638
epoch 10

0.04169853776693344
0.051593586802482605
0.06285295635461807
0.060075562447309494
0.05345713347196579
0.0543128103017807
0.04594609513878822
0.04556811973452568
0.047423843294382095
0.07617729157209396
0.04776836559176445
0.08975516259670258
0.025715641677379608
0.062234748154878616
0.05661953240633011
0.0560818649828434
0.05033303052186966
0.03933762386441231
0.05202985554933548
0.06468278169631958
0.05765518918633461
0.052176013588905334
0.0627153068780899
0.04826449602842331
0.04668522998690605
0.06070462241768837
0.04316766932606697
0.07132461667060852
0.08819839358329773
0.06699766963720322
0.053182702511548996
0.04428108036518097
0.0600438192486763
0.06006297096610069
0.05269632861018181
0.08454534411430359
0.02893272042274475
0.04783560335636139
0.06154170632362366
0.05354548618197441
0.06435605138540268
0.05302836000919342
0.05122755840420723
0.05234336107969284
0.0395512655377388
0.05585155636072159
0.10947523266077042
0.04868021979928017
0.058731257915496826
0.04735909402370453
0.06767996400594711
0.036760903894901276
0.05835361406207085
0.05744439363479614
0.049069587141275406
0.05805171653628349
0.07391421496868134
0.08884641528129578
epoch 11

0.038033559918403625
0.03847193345427513
0.03896670415997505
0.06609629094600677
0.06260154396295547
0.06637867540121078
0.08264844864606857
0.07066335529088974
0.07627122849225998
0.03960848227143288
0.033143069595098495
0.0539531446993351
0.05337802320718765
0.0288102924823761
0.08060251921415329
0.05188773572444916
0.050519850105047226
0.05177862197160721
0.05552352964878082
0.036718808114528656
0.045823678374290466
0.05424271896481514
0.049986667931079865
0.04354262351989746
0.041899651288986206
0.05603998154401779
0.03766151890158653
0.04778769984841347
0.025165900588035583
0.04475664347410202
0.06600427627563477
0.05076810345053673
0.05765485018491745
0.05611604079604149
0.04780692607164383
0.06484024226665497
0.034091122448444366
0.07800121605396271
0.07180755585432053
0.04364274814724922
0.05559859797358513
0.04464944079518318
0.045863404870033264
0.05721263587474823
0.05664680898189545
0.0704905167222023
0.0423269160091877
0.04890642687678337
0.04895550012588501
0.06257550418376923
0.04311462491750717
0.04935083165764809
0.056529685854911804
0.05501285940408707
0.03925938159227371
0.041258230805397034
0.04438891261816025
0.046483706682920456
epoch 12

0.03530264273285866
0.05884909629821777
0.05132697895169258
0.03199249133467674
0.0426262691617012
0.052921272814273834
0.051279857754707336
0.05557948723435402
0.046230580657720566
0.07261917740106583
0.05593973770737648
0.04917073994874954
0.039803482592105865
0.06514442712068558
0.058783143758773804
0.039481643587350845
0.054779890924692154
0.06265438348054886
0.05353013053536415
0.0390058234333992
0.03942393511533737
0.05066484212875366
0.06066136807203293
0.033185236155986786
0.04452105239033699
0.09131968021392822
0.06182461977005005
0.04666081815958023
0.04230853170156479
0.04159506782889366
0.05384288355708122
0.060618769377470016
0.07668862491846085
0.03846202418208122
0.052643533796072006
0.03641621768474579
0.03236311301589012
0.042251504957675934
0.05044984444975853
0.05371937155723572
0.0698418915271759
0.054678548127412796
0.04071100056171417
0.03917323797941208
0.04934888333082199
0.03835706040263176
0.05944463983178139
0.06612668931484222
0.030668968334794044
0.03226669877767563
0.03372694179415703
0.04574733227491379
0.047177769243717194
0.03792612999677658
0.059521112591028214
0.03531244024634361
0.052083082497119904
0.07116635888814926
epoch 13

0.05423075333237648
0.046322207897901535
0.041277896612882614
0.043267764151096344
0.05075302720069885
0.04023951292037964
0.042304348200559616
0.04714246839284897
0.05024036392569542
0.03461134433746338
0.05443175882101059
0.043655309826135635
0.03072803094983101
0.03152308240532875
0.04567341133952141
0.06394399702548981
0.06611001491546631
0.036056771874427795
0.04331490769982338
0.0396091490983963
0.05419140309095383
0.036034002900123596
0.05332508683204651
0.057627033442258835
0.05308610573410988
0.05457869917154312
0.039076291024684906
0.04052082821726799
0.04170183464884758
0.052578698843717575
0.04882850497961044
0.06431635469198227
0.041446320712566376
0.04884888231754303
0.03594600409269333
0.04375500977039337
0.0719560831785202
0.043383631855249405
0.027794966474175453
0.06315267831087112
0.043986622244119644
0.046645037829875946
0.043312717229127884
0.04366955906152725
0.06669437885284424
0.056358058005571365
0.038903284817934036
0.039830952882766724
0.04948422685265541
0.0500086210668087
0.04372309520840645
0.04041782766580582
0.0353369377553463
0.05383940786123276
0.04815813526511192
0.0442044660449028
0.04221278056502342
0.054250966757535934
epoch 14

0.03789171576499939
0.048108696937561035
0.04161816090345383
0.06258390843868256
0.035581231117248535
0.04154917970299721
0.06058284267783165
0.046088334172964096
0.04943714663386345
0.0678512379527092
0.05158822238445282
0.028870398178696632
0.03846010938286781
0.03865759074687958
0.027811991050839424
0.03802770376205444
0.04825930297374725
0.0436684750020504
0.027935948222875595
0.06278892606496811
0.04932127147912979
0.0661548301577568
0.033506620675325394
0.07361079007387161
0.024551348760724068
0.051328279078006744
0.0800703912973404
0.05498765781521797
0.04281262680888176
0.05878845974802971
0.055055346339941025
0.06551273167133331
0.03171691671013832
0.04478435963392258
0.0361359529197216
0.03643210604786873
0.04824770987033844
0.041673481464385986
0.0393604040145874
0.043188661336898804
0.04648767411708832
0.05694817006587982
0.05959652364253998
0.05740639939904213
0.04573499783873558
0.03011714480817318
0.0706915631890297
0.04066310077905655
0.05740872770547867
0.03811681270599365
0.03969496116042137
0.0519435815513134
0.048881951719522476
0.040895797312259674
0.04167298972606659
0.09246694296598434
0.05764678865671158
0.08528334647417068
epoch 15

0.04791213199496269
0.05552193894982338
0.053644631057977676
0.045097433030605316
0.06283829361200333
0.05731023848056793
0.03107590228319168
0.040394507348537445
0.0433284267783165
0.03250682353973389
0.03716498613357544
0.04215831682085991
0.03930708020925522
0.04551922157406807
0.05335499346256256
0.06713902950286865
0.05040888488292694
0.059402547776699066
0.06379189342260361
0.054500777274370193
0.06003428250551224
0.03261208534240723
0.071320079267025
0.033632151782512665
0.0330958291888237
0.04110574349761009
0.04755653068423271
0.042807772755622864
0.044818777590990067
0.040621981024742126
0.03402712568640709
0.07950466871261597
0.05038631334900856
0.042317718267440796
0.04517102986574173
0.03975662961602211
0.03237364441156387
0.04292764514684677
0.031128570437431335
0.02594168856739998
0.030294859781861305
0.044150788336992264
0.04232653230428696
0.04188031330704689
0.06131157651543617
0.059811994433403015
0.03976257145404816
0.04483348876237869
0.030540626496076584
0.0645410567522049
0.03901071473956108
0.03441362455487251
0.05687369033694267
0.0290389247238636
0.05625680834054947
0.04887031391263008
0.033700909465551376
0.05985346436500549
epoch 16

0.027662433683872223
0.041270818561315536
0.062253959476947784
0.031124666333198547
0.034621257334947586
0.037676502019166946
0.02844131551682949
0.03873467445373535
0.0362156517803669
0.024118196219205856
0.02896181493997574
0.04291808605194092
0.052591774612665176
0.0468459315598011
0.03811352327466011
0.03559788316488266
0.07489483803510666
0.04012947529554367
0.06856987625360489
0.05350957065820694
0.04395706206560135
0.058068618178367615
0.054553501307964325
0.038031432777643204
0.04893989861011505
0.03181629255414009
0.02602734975516796
0.035325344651937485
0.05869777128100395
0.04801482334733009
0.03996080160140991
0.03739709034562111
0.04157256707549095
0.04716740921139717
0.0382876992225647
0.07849223166704178
0.03218754380941391
0.049332860857248306
0.02861795574426651
0.044666849076747894
0.03225870802998543
0.029860176146030426
0.049918241798877716
0.05687889829277992
0.036897338926792145
0.03639493137598038
0.04124771058559418
0.03794758394360542
0.041941508650779724
0.05339862406253815
0.050125766545534134
0.03627213090658188
0.03365839272737503
0.034046608954668045
0.040345922112464905
0.03437900170683861
0.03177955746650696
0.04714786633849144
epoch 17

0.044305041432380676
0.03935936093330383
0.041429612785577774
0.033944256603717804
0.052412159740924835
0.04000463709235191
0.04161631688475609
0.05842411145567894
0.024184366688132286
0.03819994255900383
0.05041911080479622
0.0450616218149662
0.040525682270526886
0.02655196748673916
0.031111592426896095
0.033991195261478424
0.044880010187625885
0.03499336913228035
0.04117440804839134
0.027358483523130417
0.03414404019713402
0.043242454528808594
0.0287146158516407
0.024653581902384758
0.03486843407154083
0.05018388107419014
0.027137190103530884
0.03650945797562599
0.05002962052822113
0.05308542773127556
0.02858084812760353
0.026066500693559647
0.046409331262111664
0.03583287447690964
0.06871499121189117
0.038191039115190506
0.051319774240255356
0.037024348974227905
0.0390666127204895
0.06184171885251999
0.03837846592068672
0.04923112690448761
0.051475558429956436
0.03130567818880081
0.03072420321404934
0.04366510361433029
0.03060493804514408
0.027893396094441414
0.03375731036067009
0.0390734001994133
0.05452372506260872
0.029799168929457664
0.04137685149908066
0.04702947661280632
0.04344780743122101
0.04491445794701576
0.05055415630340576
0.06309636682271957
epoch 18

0.045809075236320496
0.04003460332751274
0.04232310503721237
0.04256533458828926
0.03660918399691582
0.03035985864698887
0.034041356295347214
0.03124862164258957
0.036181073635816574
0.039374787360429764
0.030606182292103767
0.03417901322245598
0.053876958787441254
0.0351443774998188
0.03620949387550354
0.0352349728345871
0.02393297478556633
0.038907088339328766
0.03284595161676407
0.03766780346632004
0.02852744422852993
0.04355021193623543
0.030113352462649345
0.046456798911094666
0.07393818348646164
0.042989086359739304
0.04665691405534744
0.06006467342376709
0.04317483678460121
0.02942408248782158
0.0413900725543499
0.02869388647377491
0.02493380382657051
0.03044865094125271
0.04306421056389809
0.0303183700889349
0.05864208936691284
0.05738940089941025
0.03742074593901634
0.028718337416648865
0.050190310925245285
0.04440433531999588
0.03701961785554886
0.04424663260579109
0.036228373646736145
0.05765955150127411
0.04389149695634842
0.04246392101049423
0.04587361961603165
0.035666514188051224
0.03145308047533035
0.03653998300433159
0.046707797795534134
0.05590369924902916
0.05937129631638527
0.02531573548913002
0.032710492610931396
0.033792462199926376
epoch 19

0.05754808336496353
0.026582907885313034
0.03550568222999573
0.04088180512189865
0.04239950329065323
0.03616083040833473
0.030933909118175507
0.04086477309465408
0.03549201786518097
0.05161479488015175
0.032675761729478836
0.04674980044364929
0.02924947440624237
0.03605623543262482
0.054186105728149414
0.060399122536182404
0.042814500629901886
0.0425296425819397
0.027341490611433983
0.041952550411224365
0.045292820781469345
0.03737228736281395
0.03313580900430679
0.035012442618608475
0.03147680312395096
0.04910723865032196
0.03429950401186943
0.052711598575115204
0.052693434059619904
0.03368280455470085
0.028661496937274933
0.04120923951268196
0.031774360686540604
0.029810871928930283
0.028198108077049255
0.03984205424785614
0.03367320075631142
0.03495880961418152
0.034491993486881256
0.04492531344294548
0.03705557808279991
0.03639177978038788
0.0348338708281517
0.025867661461234093
0.02725803293287754
0.027863729745149612
0.0316370353102684
0.03867112472653389
0.026525000110268593
0.04687534645199776
0.02422715350985527
0.03440849855542183
0.033887311816215515
0.02914459817111492
0.05430876091122627
0.021984988823533058
0.05960790812969208
0.04256729781627655
epoch 20

0.0273745097219944
0.03557946905493736
0.02716766856610775
0.04156707227230072
0.02568514458835125
0.034555669873952866
0.03114129975438118
0.04099005088210106
0.046245697885751724
0.040808819234371185
0.03843177109956741
0.044027216732501984
0.05042189359664917
0.037830039858818054
0.031181462109088898
0.04808317497372627
0.0379047729074955
0.03661170229315758
0.043210215866565704
0.03323111683130264
0.03941929712891579
0.03942817449569702
0.03429015725851059
0.03247716650366783
0.036783333867788315
0.03258861228823662
0.029542740434408188
0.06696879863739014
0.04107724502682686
0.04325775057077408
0.024965651333332062
0.02613498643040657
0.029594464227557182
0.05389944836497307
0.029212936758995056
0.03157687187194824
0.04042190685868263
0.03170928731560707
0.04062873497605324
0.03210718184709549
0.041726287454366684
0.05227065458893776
0.040669430047273636
0.01556080300360918
0.036020390689373016
0.02506096474826336
0.031725235283374786
0.03220789507031441
0.044782646000385284
0.040284186601638794
0.029770001769065857
0.0337924063205719
0.04541013017296791
0.028838954865932465
0.04350089281797409
0.02290804125368595
0.04764319583773613
0.03900224715471268
epoch 21

0.02482711337506771
0.0345710925757885
0.03832678869366646
0.04846015200018883
0.026555005460977554
0.027108468115329742
0.028348686173558235
0.03790273889899254
0.033838942646980286
0.031045343726873398
0.04141860455274582
0.03988457843661308
0.03669419884681702
0.02987682819366455
0.04280674457550049
0.05215620622038841
0.03147383779287338
0.042413923889398575
0.015415824018418789
0.023765580728650093
0.024588268250226974
0.03210456669330597
0.033733513206243515
0.027252977713942528
0.03039839304983616
0.036164358258247375
0.041749097406864166
0.02619984932243824
0.03929753601551056
0.04344605654478073
0.031163495033979416
0.0416317842900753
0.030373351648449898
0.030013561248779297
0.04027490317821503
0.0399082787334919
0.036397647112607956
0.04661720246076584
0.027083653956651688
0.0300290547311306
0.05048524588346481
0.034384697675704956
0.03831019252538681
0.027824444696307182
0.028415191918611526
0.025958657264709473
0.05140698328614235
0.036412447690963745
0.047258611768484116
0.03909261152148247
0.02854105643928051
0.023288743570446968
0.0258809644728899
0.033348239958286285
0.036269254982471466
0.030423061922192574
0.02987697720527649
0.02391418069601059
epoch 22

0.028831737115979195
0.02404787763953209
0.02909420058131218
0.0364438034594059
0.024575863033533096
0.04372410848736763
0.024916086345911026
0.031058993190526962
0.028715012595057487
0.03299110382795334
0.03902957960963249
0.026391582563519478
0.03922674059867859
0.028957782313227654
0.0313718318939209
0.04542866349220276
0.021792976185679436
0.024773191660642624
0.05071001127362251
0.034756310284137726
0.032809652388095856
0.0314292274415493
0.02338447980582714
0.029720649123191833
0.02854827046394348
0.03664759173989296
0.025038719177246094
0.04984770715236664
0.026016952469944954
0.03381602093577385
0.036286842077970505
0.031753625720739365
0.06952062249183655
0.04624668508768082
0.04088647663593292
0.026439154520630836
0.03216736763715744
0.035760313272476196
0.03215523064136505
0.036403588950634
0.024572504684329033
0.04446496441960335
0.022658631205558777
0.027469990774989128
0.01971983164548874
0.035329338163137436
0.03057246282696724
0.02026885747909546
0.027234209701418877
0.03418273478746414
0.024176092818379402
0.028430970385670662
0.03564745932817459
0.05081144720315933
0.03374699130654335
0.024715326726436615
0.04227270185947418
0.022925108671188354
epoch 23

0.04938965290784836
0.03326437994837761
0.03137759864330292
0.027551956474781036
0.02487676776945591
0.026528524234890938
0.04227685555815697
0.0283980555832386
0.025144211947917938
0.04309340938925743
0.02175786718726158
0.03088528662919998
0.025206653401255608
0.03651287406682968
0.02589576132595539
0.03503865376114845
0.019254472106695175
0.031347744166851044
0.019811447709798813
0.02634093351662159
0.029478585347533226
0.02934212237596512
0.021601401269435883
0.03103000856935978
0.020153990015387535
0.03794487938284874
0.037066057324409485
0.030777163803577423
0.0274654570966959
0.026871338486671448
0.036675915122032166
0.03336838260293007
0.02771410532295704
0.02717922255396843
0.0238000750541687
0.030912233516573906
0.04100189730525017
0.041493844240903854
0.033609554171562195
0.02952664904296398
0.0415944829583168
0.02664828673005104
0.026575786992907524
0.03944132477045059
0.02243005484342575
0.03226995840668678
0.026446474716067314
0.03750542551279068
0.03686848655343056
0.027725717052817345
0.04637240245938301
0.045055702328681946
0.030151648446917534
0.037490811198949814
0.033454183489084244
0.03615209832787514
0.026570292189717293
0.031999677419662476
epoch 24

0.04203302413225174
0.02515222318470478
0.03217935189604759
0.0510726235806942
0.030623802915215492
0.04046568274497986
0.031101129949092865
0.020230043679475784
0.035648901015520096
0.037659455090761185
0.0326349176466465
0.036696843802928925
0.02723928727209568
0.03869731351733208
0.034600865095853806
0.04043770581483841
0.024934276938438416
0.03666841238737106
0.019560720771551132
0.040988191962242126
0.02577064372599125
0.022380810230970383
0.020198602229356766
0.038331255316734314
0.023808512836694717
0.026673851534724236
0.04161691293120384
0.027272257953882217
0.023930758237838745
0.021312756463885307
0.02561240643262863
0.03786104917526245
0.03460061922669411
0.03802963346242905
0.044910330325365067
0.03266766294836998
0.021146323531866074
0.039614733308553696
0.039002299308776855
0.025737350806593895
0.042309265583753586
0.034996990114450455
0.02739420346915722
0.034901008009910583
0.02171812392771244
0.02386382967233658
0.026182308793067932
0.02138805016875267
0.0462099127471447
0.030025949701666832
0.02422838844358921
0.038922086358070374
0.03187141567468643
0.017028089612722397
0.0321439653635025
0.021861784160137177
0.025865118950605392
0.022545035928487778
epoch 25

0.02583814039826393
0.045204952359199524
0.03365121781826019
0.026006309315562248
0.03668029606342316
0.02835777774453163
0.01879836991429329
0.03360830992460251
0.02687518671154976
0.026557166129350662
0.021246151998639107
0.03385905921459198
0.021584419533610344
0.030288206413388252
0.02170228771865368
0.02920658141374588
0.031200913712382317
0.02294105477631092
0.029809873551130295
0.026731733232736588
0.03269108757376671
0.019358431920409203
0.028408294543623924
0.02227064222097397
0.021277394145727158
0.03694653511047363
0.034218959510326385
0.030019881203770638
0.03325582295656204
0.025752821937203407
0.01322800200432539
0.031524382531642914
0.028542565181851387
0.03979756683111191
0.03646601364016533
0.02181922271847725
0.03674522042274475
0.0269999410957098
0.03878946229815483
0.02086077630519867
0.031565386801958084
0.023192159831523895
0.030524397268891335
0.0394287109375
0.02543443813920021
0.031560659408569336
0.03084702044725418
0.03384099155664444
0.02384917624294758
0.02462766505777836
0.024437468498945236
0.025094952434301376
0.034762002527713776
0.05109414830803871
0.03029700554907322
0.024627333506941795
0.032804932445287704
0.0297385286539793
epoch 26

0.030587632209062576
0.03384033218026161
0.03256869316101074
0.0230010524392128
0.029534058645367622
0.020082905888557434
0.024770060554146767
0.03092208504676819
0.026760483160614967
0.029418347403407097
0.02620946243405342
0.025940479710698128
0.034458838403224945
0.03377291187644005
0.02563517726957798
0.030929747968912125
0.0216524638235569
0.02535126358270645
0.02394842356443405
0.025064939633011818
0.016405394300818443
0.028654882684350014
0.02981647104024887
0.04347005486488342
0.031453389674425125
0.03548778221011162
0.026615751907229424
0.03682062402367592
0.02076016739010811
0.036630939692258835
0.029352029785513878
0.02570764347910881
0.020707732066512108
0.023815277963876724
0.026217550039291382
0.02650890313088894
0.019391339272260666
0.019268516451120377
0.020683644339442253
0.02343311905860901
0.026157468557357788
0.03720323368906975
0.0170296598225832
0.03169223293662071
0.02354319952428341
0.03273515775799751
0.022607067599892616
0.04084743186831474
0.017241179943084717
0.02760852687060833
0.04130932316184044
0.022648774087429047
0.023237494751811028
0.030745768919587135
0.032082315534353256
0.028669552877545357
0.030707236379384995
0.03748629242181778
epoch 27

0.033718887716531754
0.021413739770650864
0.032976072281599045
0.022347882390022278
0.02883046679198742
0.0299233291298151
0.022575687617063522
0.03525064140558243
0.034392986446619034
0.0292782224714756
0.022590678185224533
0.03941157087683678
0.04092862084507942
0.029982654377818108
0.0191020704805851
0.03161466494202614
0.02143874205648899
0.029160410165786743
0.03179694339632988
0.02513796277344227
0.019584203138947487
0.03199796378612518
0.02642166055738926
0.024057438597083092
0.03305764123797417
0.04797784611582756
0.0275115929543972
0.04398580268025398
0.02896442450582981
0.014977807179093361
0.025701526552438736
0.022912560030817986
0.02394743263721466
0.03465885668992996
0.025048082694411278
0.021510180085897446
0.04132416471838951
0.0259552001953125
0.04214821010828018
0.03623805567622185
0.024775946512818336
0.035942304879426956
0.034592848271131516
0.034735117107629776
0.019877415150403976
0.02613130398094654
0.02088995836675167
0.017906056717038155
0.020751766860485077
0.023935144767165184
0.03548919036984444
0.021784376353025436
0.02824895642697811
0.03393310680985451
0.03035794571042061
0.02566751278936863
0.02155149169266224
0.02640325203537941
epoch 28

0.027209447696805
0.025620805099606514
0.03087696060538292
0.02988341823220253
0.025528164580464363
0.028978347778320312
0.024311499670147896
0.022848239168524742
0.022555580362677574
0.03158118203282356
0.03172999247908592
0.033640362322330475
0.018686896190047264
0.03626254200935364
0.02501535229384899
0.02594120427966118
0.026830025017261505
0.03144516795873642
0.018200291320681572
0.028087861835956573
0.025717806071043015
0.02575591206550598
0.03655458241701126
0.023954203352332115
0.01910853572189808
0.020402858033776283
0.029067344963550568
0.025535333901643753
0.028608091175556183
0.026445066556334496
0.02255736105144024
0.02730845846235752
0.036310259252786636
0.02564847283065319
0.03385104238986969
0.03089970536530018
0.03033045493066311
0.024261657148599625
0.022355342283844948
0.025160102173686028
0.032753702253103256
0.04102287441492081
0.03719121962785721
0.043470632284879684
0.06253043562173843
0.1076052337884903
0.15993446111679077
0.0459766611456871
0.04862839728593826
0.04272335395216942
0.057727281004190445
0.05834602937102318
0.06110271066427231
0.04144194722175598
0.10778231173753738
0.0566507987678051
0.08068900555372238
0.034420114010572433
epoch 29

0.052455827593803406
0.03251739591360092
0.049759361892938614
0.038088466972112656
0.05004196986556053
0.12664462625980377
0.04287375509738922
0.07469405978918076
0.05275588855147362
0.059214264154434204
0.06656087934970856
0.049666669219732285
0.05985579639673233
0.09017482399940491
0.045597076416015625
0.07657425105571747
0.04585832729935646
0.044226083904504776
0.0628608986735344
0.05643776059150696
0.04403665289282799
0.053445033729076385
0.04716242849826813
0.03399183228611946
0.04406039044260979
0.04502437636256218
0.031639695167541504
0.04341614246368408
0.059926800429821014
0.04716722294688225
0.05470127612352371
0.030652079731225967
0.030035847797989845
0.04658357426524162
0.06193390488624573
0.04661211743950844
0.03080420196056366
0.05540936067700386
0.02812081389129162
0.04448457062244415
0.0375809520483017
0.12772224843502045
0.03789172321557999
0.05185496807098389
0.08739029616117477
0.07511388510465622
0.05076999217271805
0.09525315463542938
0.04183681309223175
0.04549756273627281
0.05186871811747551
0.04891522601246834
0.031362246721982956
0.06161785498261452
0.06157637760043144
0.045754533261060715
0.08141084760427475
0.04317064955830574
epoch 30

0.03933782875537872
0.026266295462846756
0.03268219158053398
0.04393209144473076
0.03488076850771904
0.03868750110268593
0.038368143141269684
0.04825040325522423
0.04613154008984566
0.05981891229748726
0.042451512068510056
0.03040006384253502
0.0434054359793663
0.034734275192022324
0.026311557739973068
0.046925969421863556
0.03704323619604111
0.034687042236328125
0.0488993339240551
0.022079650312662125
0.04345543682575226
0.06245271489024162
0.05962695553898811
0.03886726126074791
0.022826919332146645
0.04206119850277901
0.038867007941007614
0.03829549252986908
0.038082193583250046
0.043396495282649994
0.04039521515369415
0.06290093064308167
0.03452615439891815
0.05948350578546524
0.03902537003159523
0.061927638947963715
0.0386166125535965
0.03712747246026993
0.03506070375442505
0.032575931400060654
0.027523303404450417
0.06806640326976776
0.03127920255064964
0.059016864746809006
0.03254912048578262
0.03242504224181175
0.06184393912553787
0.0494905561208725
0.04321833699941635
0.03524308651685715
0.025035252794623375
0.04207833856344223
0.03543221205472946
0.033602941781282425
0.035243213176727295
0.044464677572250366
0.035578273236751556
0.0335930734872818
epoch 31

0.036517638713121414
0.04104509949684143
0.03908452391624451
0.04579169303178787
0.03918472304940224
0.03764801844954491
0.03855261951684952
0.04359855130314827
0.036349132657051086
0.034908782690763474
0.03160640597343445
0.03702317923307419
0.03810463100671768
0.029287921264767647
0.023618431761860847
0.02916548028588295
0.04224829003214836
0.032863009721040726
0.019481858238577843
0.021881023421883583
0.027982022613286972
0.031443726271390915
0.022133471444249153
0.03009035624563694
0.01970069296658039
0.03663003817200661
0.02427295595407486
0.03464746102690697
0.030165236443281174
0.03663970157504082
0.02203633077442646
0.026713602244853973
0.030246086418628693
0.02195235714316368
0.024677326902747154
0.027976175770163536
0.030853474512696266
0.023707399144768715
0.019369447603821754
0.03788843750953674
0.03523847460746765
0.03666941076517105
0.03144631162285805
0.03412717208266258
0.029769016429781914
0.030150599777698517
0.01395459659397602
0.03539159521460533
0.029082225635647774
0.028886647894978523
0.023907149210572243
0.02424725890159607
0.03539184108376503
0.03561947122216225
0.04573209956288338
0.02857067808508873
0.040370989590883255
0.024101728573441505
epoch 32

0.038156960159540176
0.022295214235782623
0.03094075806438923
0.028743602335453033
0.022999776527285576
0.020218482241034508
0.023094406351447105
0.016609448939561844
0.023407746106386185
0.027409937232732773
0.03283610939979553
0.0370284840464592
0.020524250343441963
0.03034939244389534
0.03379392251372337
0.021870162338018417
0.03403559699654579
0.03292621299624443
0.024129023775458336
0.031992509961128235
0.035121649503707886
0.023548251017928123
0.023949462920427322
0.0261059757322073
0.03528792783617973
0.019116351380944252
0.041324175894260406
0.02646985463798046
0.019388766959309578
0.02538534812629223
0.04196688160300255
0.039796456694602966
0.03167290613055229
0.025919359177350998
0.030003320425748825
0.026718568056821823
0.04274434223771095
0.025759153068065643
0.023149142041802406
0.03221932426095009
0.021792277693748474
0.028893686830997467
0.023037351667881012
0.03458169847726822
0.02616140805184841
0.016675367951393127
0.020647792145609856
0.0278683602809906
0.018541038036346436
0.030656926333904266
0.0318574383854866
0.022581376135349274
0.02850344404578209
0.019929148256778717
0.023917481303215027
0.03176938742399216
0.01645880565047264
0.02815462462604046
epoch 33

0.02405046485364437
0.020953863859176636
0.029720455408096313
0.01809033751487732
0.02730843611061573
0.026946596801280975
0.02704729698598385
0.02717036008834839
0.031168343499302864
0.020035909488797188
0.024566156789660454
0.035777799785137177
0.018163083121180534
0.021958352997899055
0.018176080659031868
0.021099187433719635
0.034438036382198334
0.028298459947109222
0.032016776502132416
0.01519815158098936
0.03182626888155937
0.026221999898552895
0.029971972107887268
0.023191286250948906
0.022416871041059494
0.02957354299724102
0.029574178159236908
0.03064056485891342
0.025650564581155777
0.01452531386166811
0.016118012368679047
0.032246485352516174
0.044067420065402985
0.018744109198451042
0.023151785135269165
0.0294905174523592
0.01853194832801819
0.029490860179066658
0.025158364325761795
0.02399466186761856
0.0361187644302845
0.0161574836820364
0.030433079227805138
0.029656512662768364
0.02184717170894146
0.03406030312180519
0.015879271551966667
0.02248479053378105
0.02422099933028221
0.027790959924459457
0.029555561020970345
0.02247084490954876
0.024902814999222755
0.028775371611118317
0.0332031287252903
0.03294244408607483
0.01783948950469494
0.021411696448922157
epoch 34

0.029179155826568604
0.027351880446076393
0.02226804941892624
0.021240567788481712
0.026610778644680977
0.03164820373058319
0.024020105600357056
0.025316286832094193
0.023465482518076897
0.028644761070609093
0.020002614706754684
0.015710020437836647
0.019198577851057053
0.02628222480416298
0.02691839635372162
0.02456771768629551
0.020040147006511688
0.019203219562768936
0.02129923366010189
0.013795394450426102
0.03704574704170227
0.025931060314178467
0.02889876253902912
0.01595453731715679
0.025267617776989937
0.028969282284379005
0.021409157663583755
0.02817865088582039
0.0273634884506464
0.03393125161528587
0.01783248409628868
0.026073699817061424
0.018808647990226746
0.026443516835570335
0.02352171018719673
0.024597322568297386
0.027821654453873634
0.033157624304294586
0.02850722335278988
0.020672062411904335
0.02649192325770855
0.024052323773503304
0.021840250119566917
0.027539804577827454
0.026685386896133423
0.01916375942528248
0.03060518018901348
0.026521220803260803
0.023272022604942322
0.027049602940678596
0.018722185865044594
0.03278680890798569
0.01870677061378956
0.024435564875602722
0.01639486290514469
0.02623833157122135
0.030775904655456543
0.021954134106636047
epoch 35

0.025214657187461853
0.02309337630867958
0.019348422065377235
0.017483606934547424
0.030647078529000282
0.023182576522231102
0.019783133640885353
0.024625815451145172
0.02524653449654579
0.015506511554121971
0.01838013529777527
0.019289368763566017
0.038954198360443115
0.0301675908267498
0.021448228508234024
0.030713221058249474
0.023978468030691147
0.02393004298210144
0.027303451672196388
0.022428374737501144
0.024294942617416382
0.02361946739256382
0.021304050460457802
0.02957274578511715
0.02170676179230213
0.02389695681631565
0.022642487660050392
0.024118443951010704
0.017315508797764778
0.022805742919445038
0.03234122693538666
0.02400551177561283
0.01990717090666294
0.020599663257598877
0.02426021359860897
0.021376190707087517
0.030951237305998802
0.025312626734375954
0.01177259162068367
0.02344127744436264
0.018668798729777336
0.03410788252949715
0.027248848229646683
0.01980208046734333
0.018151089549064636
0.024061182513833046
0.018965447321534157
0.03292346000671387
0.02715027891099453
0.01853509061038494
0.019617391750216484
0.02086535096168518
0.021312955766916275
0.02314654365181923
0.031192759051918983
0.03360684588551521
0.01655193418264389
0.027224786579608917
epoch 36

0.026327142491936684
0.018639128655195236
0.019087284803390503
0.015821728855371475
0.02468987926840782
0.02810330130159855
0.01769256964325905
0.026353903114795685
0.030418934300541878
0.03171075880527496
0.022040896117687225
0.018123067915439606
0.024841448292136192
0.02049853838980198
0.011917457915842533
0.02732074074447155
0.013441838324069977
0.020860277116298676
0.01880471035838127
0.019198201596736908
0.03131295368075371
0.03818714991211891
0.023674551397562027
0.029919596388936043
0.015624413266777992
0.029739869758486748
0.02296864427626133
0.028511252254247665
0.025013849139213562
0.02056674100458622
0.016600895673036575
0.02514425851404667
0.02300785854458809
0.020565325394272804
0.020994001999497414
0.028127070516347885
0.026850150898098946
0.02429008297622204
0.0217861570417881
0.02676035277545452
0.025500746443867683
0.026379499584436417
0.021349089220166206
0.022432051599025726
0.01804002933204174
0.020354406908154488
0.02513418160378933
0.02544395811855793
0.020980622619390488
0.021605728194117546
0.014614189974963665
0.028655393049120903
0.027822351083159447
0.020573344081640244
0.01957029104232788
0.02275184914469719
0.03125304356217384
0.026195626705884933
epoch 37

0.01576838083565235
0.017316579818725586
0.021823957562446594
0.027521435171365738
0.01654975488781929
0.016800079494714737
0.017326679080724716
0.027933044359087944
0.01998223550617695
0.0329151377081871
0.024933526292443275
0.019488580524921417
0.01556624285876751
0.020161570981144905
0.025592030957341194
0.022530121728777885
0.032224252820014954
0.03319310024380684
0.02331331931054592
0.020620090886950493
0.032755300402641296
0.01968454010784626
0.027854949235916138
0.030569657683372498
0.012995459139347076
0.029193127527832985
0.021342506632208824
0.017578119412064552
0.029577434062957764
0.019410600885748863
0.035921528935432434
0.02245047315955162
0.017332490533590317
0.013256963342428207
0.02349391020834446
0.02474834956228733
0.019619209691882133
0.028286917135119438
0.020279651507735252
0.017764605581760406
0.02235559932887554
0.017054783180356026
0.017901085317134857
0.02776634693145752
0.020294886082410812
0.023458698764443398
0.022374136373400688
0.02044057287275791
0.031038794666528702
0.026066415011882782
0.023681875318288803
0.021963227540254593
0.015042311511933804
0.017031045630574226
0.015003097243607044
0.025923673063516617
0.022874794900417328
0.017015917226672173
epoch 38

0.024648819118738174
0.019065696746110916
0.02024138905107975
0.03276529163122177
0.01775452122092247
0.02199838124215603
0.01745518296957016
0.020060259848833084
0.018860481679439545
0.02060827612876892
0.019934488460421562
0.026969777420163155
0.020509736612439156
0.023640891537070274
0.01785818301141262
0.020230595022439957
0.027444813400506973
0.01614883542060852
0.021577008068561554
0.021065728738904
0.02002875879406929
0.018748432397842407
0.021719390526413918
0.02169967070221901
0.024270454421639442
0.022292425855994225
0.020693305879831314
0.013978375121951103
0.01636030152440071
0.021709976717829704
0.016381163150072098
0.030166536569595337
0.02019244246184826
0.019543038681149483
0.0166183952242136
0.017233051359653473
0.02797768823802471
0.02176029048860073
0.018198514357209206
0.0225013829767704
0.017221646383404732
0.020288031548261642
0.019566494971513748
0.019893519580364227
0.023636305704712868
0.016567131504416466
0.02730667032301426
0.031156320124864578
0.02352820336818695
0.02458435483276844
0.02302558533847332
0.019986653700470924
0.020286908373236656
0.024105291813611984
0.02468354068696499
0.021372415125370026
0.016747906804084778
0.01798502542078495
epoch 39

0.030389253050088882
0.018337715417146683
0.02017047069966793
0.022602880373597145
0.021285997703671455
0.018514035269618034
0.01857437565922737
0.022259457036852837
0.02097487635910511
0.021041372790932655
0.022072795778512955
0.027476776391267776
0.018271537497639656
0.01888197660446167
0.025547094643115997
0.020197603851556778
0.0161354411393404
0.016734851524233818
0.0263813603669405
0.015396869741380215
0.020711280405521393
0.023432008922100067
0.015155107714235783
0.024485304951667786
0.022774500772356987
0.024392403662204742
0.032286737114191055
0.018662748858332634
0.02246806025505066
0.014136980287730694
0.022387899458408356
0.012044088914990425
0.025402994826436043
0.02010665461421013
0.018033169209957123
0.02372046560049057
0.020832613110542297
0.017707332968711853
0.023028220981359482
0.017256228253245354
0.022648166865110397
0.020902061834931374
0.031690455973148346
0.013371535576879978
0.018864830955863
0.016940202564001083
0.017673812806606293
0.02410045452415943
0.02457478642463684
0.017803490161895752
0.020603103563189507
0.014961997978389263
0.02060495875775814
0.026412246748805046
0.022464515641331673
0.01959945075213909
0.018967987969517708
0.027164753526449203
epoch 40

0.023870132863521576
0.01888151466846466
0.018314726650714874
0.02453939989209175
0.01849840022623539
0.022469237446784973
0.01562257669866085
0.022776158526539803
0.01846235990524292
0.01614849641919136
0.02302432619035244
0.020684152841567993
0.022779913619160652
0.012198026292026043
0.019777856767177582
0.01522838044911623
0.02556511200964451
0.02738354355096817
0.021305765956640244
0.014318159781396389
0.022003745660185814
0.026428697630763054
0.0295064989477396
0.016691965982317924
0.02345706708729267
0.03355924412608147
0.023113509640097618
0.01772741787135601
0.016668567433953285
0.017726868391036987
0.022629480808973312
0.026557786390185356
0.015075777657330036
0.018229644745588303
0.017985977232456207
0.016546886414289474
0.024257706478238106
0.02215505763888359
0.027951611205935478
0.021082768216729164
0.025127965956926346
0.025279540568590164
0.01747833378612995
0.017487648874521255
0.03288346529006958
0.024300333112478256
0.02172326110303402
0.018187081441283226
0.01231782604008913
0.024921387434005737
0.02153509296476841
0.028622962534427643
0.029294731095433235
0.027338754385709763
0.011562817730009556
0.012299093417823315
0.021505534648895264
0.029477914795279503
epoch 41

0.02813732996582985
0.023066332563757896
0.016926568001508713
0.01780705899000168
0.02008565329015255
0.019326036795973778
0.02409985102713108
0.022516481578350067
0.017194362357258797
0.02832677587866783
0.02169039472937584
0.03240073472261429
0.024398837238550186
0.01665811985731125
0.012899355962872505
0.020876232534646988
0.019528133794665337
0.02656942792236805
0.019918382167816162
0.023017318919301033
0.019018525257706642
0.017480691894888878
0.021482354030013084
0.019059060141444206
0.03226637467741966
0.01292284857481718
0.021582413464784622
0.02578175999224186
0.02139049954712391
0.025045692920684814
0.01882433518767357
0.019618652760982513
0.01705007068812847
0.016502466052770615
0.02049311064183712
0.018326949328184128
0.014262642711400986
0.013143520802259445
0.02580537647008896
0.02846728451550007
0.021072058007121086
0.021518118679523468
0.013142501004040241
0.023318294435739517
0.019175253808498383
0.015667900443077087
0.019319841638207436
0.014690286479890347
0.014140467159450054
0.020629920065402985
0.024292221292853355
0.015954528003931046
0.014692372642457485
0.016560010612010956
0.018997149541974068
0.014513200148940086
0.02120056375861168
0.02966848947107792
epoch 42

0.029125971719622612
0.017417917028069496
0.017946815118193626
0.017100688070058823
0.03073984943330288
0.021866552531719208
0.018721768632531166
0.02671261690557003
0.01493284571915865
0.02202463708817959
0.018209001049399376
0.01656334102153778
0.02488849125802517
0.013294851407408714
0.022870909422636032
0.017559124156832695
0.018766537308692932
0.020887278020381927
0.02044885791838169
0.02641194313764572
0.015511428005993366
0.0205419659614563
0.010942026972770691
0.025623491033911705
0.024372383952140808
0.01892632618546486
0.017428012564778328
0.017811931669712067
0.020871421322226524
0.01470823772251606
0.015930643305182457
0.02835189364850521
0.01604807749390602
0.023357069119811058
0.015184251591563225
0.018270662054419518
0.02018803544342518
0.022473836317658424
0.023797862231731415
0.016308285295963287
0.025046268478035927
0.020482877269387245
0.014240503311157227
0.017819741740822792
0.019084973260760307
0.01781630329787731
0.010814018547534943
0.029997071251273155
0.014944502152502537
0.02298682928085327
0.025125646963715553
0.019265534356236458
0.018368424847722054
0.026732856407761574
0.02161569893360138
0.025686854496598244
0.016799774020910263
0.021962132304906845
epoch 43

0.026873907074332237
0.02488580532371998
0.016193240880966187
0.012131381779909134
0.022384129464626312
0.020758146420121193
0.026690766215324402
0.033721841871738434
0.017746342346072197
0.02996872365474701
0.025039086118340492
0.022854631766676903
0.013926432467997074
0.022052640095353127
0.02341398410499096
0.0213213711977005
0.013055731542408466
0.021573269739747047
0.020040234550833702
0.01972290128469467
0.022426435723900795
0.02403304912149906
0.014247599989175797
0.020132774487137794
0.014184585772454739
0.018954673781991005
0.021367846056818962
0.024266302585601807
0.021186593919992447
0.025913288816809654
0.0162915401160717
0.015455914661288261
0.01648627780377865
0.01780107244849205
0.01733080856502056
0.02073526196181774
0.022604819387197495
0.018757639452815056
0.019145553931593895
0.012421129271388054
0.01736035943031311
0.0259492676705122
0.02273005247116089
0.020861666649580002
0.020388392731547356
0.017477035522460938
0.016490891575813293
0.017611747607588768
0.018117472529411316
0.01877705380320549
0.013293172232806683
0.01637331396341324
0.017943745478987694
0.012744210660457611
0.019474400207400322
0.025377456098794937
0.017157893627882004
0.024883778765797615
epoch 44

0.02111947536468506
0.02395419217646122
0.012869341298937798
0.012111722491681576
0.01938309147953987
0.01933298073709011
0.01870296709239483
0.01906135119497776
0.01902487874031067
0.023145105689764023
0.016407979652285576
0.015296907164156437
0.019207166507840157
0.02424289844930172
0.024118220433592796
0.023312559351325035
0.021933428943157196
0.017054906114935875
0.016092773526906967
0.027820337563753128
0.026853781193494797
0.016590144485235214
0.01610635779798031
0.014876064844429493
0.013996928930282593
0.01793154887855053
0.023961631581187248
0.022145314142107964
0.017418142408132553
0.01804768666625023
0.025881249457597733
0.01709591969847679
0.018876923248171806
0.019343705847859383
0.015948861837387085
0.014409256167709827
0.018822602927684784
0.019334977492690086
0.018043873831629753
0.020655754953622818
0.01856820657849312
0.01662302017211914
0.015258882194757462
0.015387761406600475
0.015616820193827152
0.020573660731315613
0.020838461816310883
0.019942685961723328
0.0192108117043972
0.024534057825803757
0.016606701537966728
0.022725511342287064
0.017808571457862854
0.013605562038719654
0.01674545742571354
0.018101906403899193
0.017152540385723114
0.020325489342212677
epoch 45

0.015507081523537636
0.014928339049220085
0.015713395550847054
0.01539650559425354
0.021742478013038635
0.02331412397325039
0.018802475184202194
0.018858935683965683
0.012194663286209106
0.015194142237305641
0.01538781262934208
0.019805384799838066
0.02364472672343254
0.016145257279276848
0.017861222848296165
0.017035188153386116
0.014388101175427437
0.026253018528223038
0.015938399359583855
0.02864769846200943
0.016249805688858032
0.017551502212882042
0.022328177466988564
0.01786920614540577
0.018415218219161034
0.020351815968751907
0.01624094881117344
0.017263799905776978
0.016624240204691887
0.02671409584581852
0.017910495400428772
0.01934400387108326
0.01594277285039425
0.018442722037434578
0.018647223711013794
0.022361377254128456
0.02354351431131363
0.024441108107566833
0.016866547986865044
0.017333801835775375
0.015551543794572353
0.010772811248898506
0.023981785401701927
0.017367146909236908
0.021804021671414375
0.028635788708925247
0.022124869748950005
0.012860400602221489
0.020574098452925682
0.022279832512140274
0.017532791942358017
0.01816307008266449
0.016095535829663277
0.019783731549978256
0.018737411126494408
0.015037082135677338
0.018389025703072548
0.019868165254592896
epoch 46

0.02025875449180603
0.017915619537234306
0.021095210686326027
0.015601824037730694
0.015146944671869278
0.019547127187252045
0.011891287751495838
0.020971665158867836
0.01935434900224209
0.011450016871094704
0.024805312976241112
0.018129246309399605
0.01437341794371605
0.024085335433483124
0.019274279475212097
0.02015667036175728
0.016374023631215096
0.01781855896115303
0.020729340612888336
0.016018347814679146
0.01216933038085699
0.012302334420382977
0.023195631802082062
0.014945604838430882
0.02141604758799076
0.021327316761016846
0.020220544189214706
0.015044196508824825
0.01738934963941574
0.02067701891064644
0.02402764931321144
0.01897405833005905
0.016034256666898727
0.014627095311880112
0.02023416757583618
0.024710575118660927
0.018770437687635422
0.018386006355285645
0.01911892183125019
0.02377014234662056
0.020612046122550964
0.015203588642179966
0.016725458204746246
0.020220709964632988
0.016465919092297554
0.025285039097070694
0.015825167298316956
0.029262974858283997
0.02182726375758648
0.01491499412804842
0.022149544209241867
0.02197674661874771
0.016277387738227844
0.01211940310895443
0.012102639302611351
0.018773328512907028
0.013920077122747898
0.02047174796462059
epoch 47

0.015379803255200386
0.020905522629618645
0.02117750234901905
0.02484247088432312
0.015780139714479446
0.01539644692093134
0.024864083155989647
0.02232753299176693
0.017208630219101906
0.019956016913056374
0.022671682760119438
0.016919689252972603
0.01654893159866333
0.02083776332437992
0.024049369618296623
0.01766926608979702
0.015431251376867294
0.0176530908793211
0.02130117267370224
0.017592448741197586
0.01482935156673193
0.0179887805134058
0.01667558029294014
0.015491033904254436
0.012412810698151588
0.010978887788951397
0.02436389960348606
0.01496213674545288
0.019048482179641724
0.01614406704902649
0.013634859584271908
0.01668510027229786
0.02519955113530159
0.016696665436029434
0.024838512763381004
0.01696360670030117
0.009546930901706219
0.021066194400191307
0.017249083146452904
0.023542281240224838
0.014958729036152363
0.020554710179567337
0.0194742102175951
0.013842537999153137
0.017735520377755165
0.015739383175969124
0.023207522928714752
0.014923901297152042
0.02738877572119236
0.02302522398531437
0.017750784754753113
0.01299961656332016
0.019256608560681343
0.02299954928457737
0.015883687883615494
0.018047086894512177
0.022908836603164673
0.03307414427399635
epoch 48

0.01388541143387556
0.020491689443588257
0.028112422674894333
0.021022427827119827
0.0255621038377285
0.014825859107077122
0.015809213742613792
0.01594545505940914
0.02692767046391964
0.019739417359232903
0.02385433204472065
0.01661420799791813
0.024364234879612923
0.01751764491200447
0.014863995835185051
0.011317223310470581
0.022664697840809822
0.014798984862864017
0.020600302144885063
0.02322741597890854
0.011872255243360996
0.010938526131212711
0.021880939602851868
0.019188983365893364
0.01867465116083622
0.02567531168460846
0.020558815449476242
0.022109128534793854
0.031040644273161888
0.016569748520851135
0.016448723152279854
0.011418736539781094
0.017373263835906982
0.011399777606129646
0.022506671026349068
0.016636477783322334
0.021684985607862473
0.017947087064385414
0.01665210723876953
0.024615837261080742
0.01857403665781021
0.01562662608921528
0.020427033305168152
0.021474236622452736
0.023179810494184494
0.013786407187581062
0.018859582021832466
0.02433512732386589
0.01785307563841343
0.021757958456873894
0.014982730150222778
0.01492396555840969
0.018813010305166245
0.015871746465563774
0.013244080357253551
0.022128218784928322
0.016805563122034073
0.0113693717867136
epoch 49

0.017830776050686836
0.013660420663654804
0.015756160020828247
0.017249157652258873
0.019244108349084854
0.015160853043198586
0.01689775101840496
0.022176068276166916
0.016655221581459045
0.020765338093042374
0.020563162863254547
0.019883889704942703
0.017340095713734627
0.01229823287576437
0.0181517843157053
0.02412584237754345
0.016395321115851402
0.016433678567409515
0.01992311142385006
0.03058026172220707
0.01363151241093874
0.019459107890725136
0.011821871623396873
0.020033594220876694
0.017640991136431694
0.016041923314332962
0.019657431170344353
0.015669209882616997
0.017335109412670135
0.02444593422114849
0.014910832047462463
0.02121785469353199
0.018540382385253906
0.016926519572734833
0.015929024666547775
0.017761321738362312
0.013290411792695522
0.011033609509468079
0.01312175951898098
0.014659256674349308
0.02169926092028618
0.010404961183667183
0.019841264933347702
0.02586943469941616
0.010466177947819233
0.010880641639232635
0.02110300213098526
0.015044394880533218
0.01932070404291153
0.014372843317687511
0.011940107680857182
0.014523228630423546
0.018725603818893433
0.012865189462900162
0.019264455884695053
0.025897877290844917
0.01657588966190815
0.012962131761014462
epoch 50

0.021860098466277122
0.012180007994174957
0.017659688368439674
0.017264684662222862
0.020510662347078323
0.016487309709191322
0.01628783717751503
0.023395443335175514
0.014616633765399456
0.023089200258255005
0.015253902412950993
0.011882663704454899
0.011664623394608498
0.013593615032732487
0.016396233811974525
0.02511676773428917
0.012382973916828632
0.014896920882165432
0.018923230469226837
0.013369846157729626
0.028749316930770874
0.0168500654399395
0.017797110602259636
0.014979065395891666
0.01479888241738081
0.01568344607949257
0.016596287488937378
0.016871562227606773
0.018122483044862747
0.01682310737669468
0.014726432040333748
0.01769339293241501
0.019143952056765556
0.012944154441356659
0.017924567684531212
0.019070429727435112
0.017418930307030678
0.010304804891347885
0.014799701049923897
0.017408495768904686
0.013678963296115398
0.015982257202267647
0.017455974593758583
0.011922521516680717
0.016659049317240715
0.018243391066789627
0.01906467415392399
0.014873115345835686
0.01627703383564949
0.0201302208006382
0.014494228176772594
0.014172328636050224
0.014755863696336746
0.020860323682427406
0.01842181384563446
0.014029910787940025
0.015259824693202972
0.015847235918045044
